0000000000001010
0000000000001010
0000000000001010
0000000000001010
0000000000001010
0000000000001010
0000000000001010
0000000000001010
0000000000001010
0000000000001010
0000000000001010
0000000000001010
0000000000001010
0000000000001010
0111100000010110
0000000000001010
0000000000001010
0000000000001010
0000000000001010
0000000000001010
0111100000011100
0000000000001010
0000000000001010
0000000000001010
0000000000001010
0000000000001010
0000000000001010
0111100000010000
0000000000001010
0000000000001010
0000000000001010
0000000000001010
0000000000001010
0000000000001010
1001100000000000